3.697864
2.844511
3.304474
2.761596
2.218718
2.104938
1.991158
1.945657
1.991158
1.945657
1.832523
1.832523
1.622018
1.479146
1.479146
1.458602
1.678400
1.806911
1.636378
1.636378
1.792936
1.834958
1.792936
1.834958
2.040748
2.432616
3.027037
24.036102
24.036102
22.187172
22.187172
22.187172
22.187172
24.036102
22.187172
22.187172
22.187172
15.407761
18.859097
22.187172
19.721931
19.721931
17.256689
12.942520
18.859097
17.472399
17.472399
12.079685
17.472399
25.885035
25.885035
25.885035
25.885035
24.036102
24.036102
22.187172
22.187172
22.187172
20.800474
14.021063
14.021063
22.187172
22.187172
22.187172
22.187172
22.187172
22.187172
22.187172
14.976343
14.976343
14.976343
14.976343
24.036102
24.036102
22.187172
22.187172
24.036102
24.036102
22.187172
22.187172
22.187172
24.036102
24.036102
24.036102
24.036102
24.036102
22.187172
22.187172
22.187172
22.187172
22.187172
22.187172
22.187172
22.187172
20.800474
20.800474
18.335232
22.187172
22.187172
22.187172
22.187172
14.976343
11.648268
11.852624
7.784977
18.859097
18.859097
18.859097
22.187172
22.187172
22.187172
22.187172
22.187172
22.187172
5.037191
15.180699
7.784977
7.784977
4.647943
1.689651
1.689651
1.689651
5.966413
14.021063
8.012039
8.012039
5.350101
2.761596
2.761596
2.761596
12.511102
7.580622
12.326208
12.326208
16.393856
19.721931
16.393856
19.721931
19.721931
18.859097
22.187172
20.800474
22.187172
24.036102
24.036102
24.036102
22.187172
22.187172
24.036102
25.885035
24.036102
22.187172
22.187172
22.187172
7.765515
7.969871
17.029631
17.029631
25.885035
25.885035
25.885035
25.885035
25.885035
22.187172
18.859097
17.472399
17.472399
20.800474
20.800474
22.187172
22.187172
22.187172
22.187172
22.187172
18.859097
19.721931
19.721931
22.187172
19.721931
22.187172
22.187172
24.036102
24.036102
24.036102
22.649406
24.036102
20.800474
22.187172
20.800474
22.187172
15.180699
15.180699
20.800474
13.794002
20.800474
19.413776
20.800474
19.413776
19.413776
19.413776
20.800474
19.413776
13.404753
20.800474
18.859097
18.859097
18.859097
11.648268
11.648268
18.859097
14.976343
7.765515
11.648268
18.859097
18.859097
18.859097
18.859097
22.187172
22.187172
22.187172
22.187172
22.187172
22.187172
24.036102
24.036102
24.036102
22.187172
22.187172
22.187172
22.187172
24.036102
24.036102
22.187172
22.187172
22.187172
22.187172
24.036102
24.036102
24.036102
24.036102
24.036102
24.036102
22.187172
22.187172
24.036102
22.187172
22.187172
22.187172
22.187172
24.036102
22.187172
22.187172
22.187172
22.187172
22.187172
22.187172
22.187172
22.187172
22.187172
22.187172
20.800474
22.187172
22.187172
22.187172
24.036102
25.885035
24.036102
22.187172
22.187172
19.721931
12.715458
19.721931
19.721931
20.800474
22.187172
22.187172
20.800474
20.800474
18.335232
