22.187172
22.187172
24.036102
24.036102
24.036102
22.649406
24.036102
20.800474
22.187172
20.800474
22.187172
15.180699
15.180699
20.800474
13.794002
20.800474
19.413776
20.800474
19.413776
19.413776
19.413776
20.800474
19.413776
13.404753
20.800474
18.859097
18.859097
18.859097
11.648268
11.648268
18.859097
14.976343
7.765515
11.648268
18.859097
18.859097
18.859097
18.859097
22.187172
22.187172
22.187172
22.187172
22.187172
22.187172
24.036102
24.036102
24.036102
22.187172
22.187172
22.187172
22.187172
24.036102
24.036102
22.187172
22.187172
22.187172
22.187172
24.036102
24.036102
24.036102
24.036102
24.036102
24.036102
22.187172
22.187172
24.036102
22.187172
22.187172
22.187172
22.187172
24.036102
22.187172
22.187172
22.187172
22.187172
22.187172
22.187172
22.187172
22.187172
22.187172
22.187172
20.800474
22.187172
22.187172
22.187172
24.036102
25.885035
24.036102
22.187172
22.187172
19.721931
12.715458
19.721931
19.721931
20.800474
22.187172
22.187172
20.800474
20.800474
18.335232
